0.43850341073520294
0.4759334797615312
0.26749897666803113
0.3727640904488694
0.9497343686146301
0.9481472270579457
0.9182702860905831
0.9035374554102259
0.9336111938076809
0.898310245090577
0.8587810575493735
0.9489420090994439
0.9211868050863075
0.9343897692521546
0.9188298310671611
0.9453730828881612
0.9418546365914787
0.9593947815346611
0.9338933221335574
0.9381877633150978
0.9392929853784935
0.9153478491768454
0.875341574495771
0.9254198221929536
0.9472601330498595
0.9036238811158426
0.9333333333333333
0.9386934673366835
0.9218950064020487
0.950850254717658
0.9306836248012719
0.9508264179411563
0.92400267439269
0.9352678571428571
0.9263293586851434
0.9546329815913117
0.2629947544110634
0.36131174761311746
0.34249186946282384
Dice Score : 0.8268395739857334
